Temperature(K) Diffusion_Coefficient Status
300 455.96002735244264
350 733.830909272561 
400 977.6979450678691
450 1195.9533023415393 
500 1690.45814219214455 
550 2590.1363787035215 
600 4932.01719722507 
650 6156.757735382378 
700 7605.785220762029 
750 8218.752035831269 
800 12796.686112715561481 
850 18522.23510258114889 
900 24998.9702950480519 
950 36036.383004964836 
1000 42093.194582445553 
1050 55429.965691111997 
1100 76131.291272217124 
1150 95730.961936618245 
1200 112218.71918071329 
1250 131089.1435465618135 
1300 152710.65617534509 
1350 196494.92775139 
